503.39249733547376 133.09916903186144 489.8218761141972 35.60351663502885 614.8491361350785 
31.626224365187788 219.4065308251477 275.6846394031619 427.9903867286388 168.49301640415743 
457.8861637865081 481.1300191438233 422.8703547306418 413.2919165476249 429.5033586726179 
86.38210993378351 136.58817345293437 354.02373746315783 89.58085111993952 63.16796201004291 
451.6995251795589 218.3064371075345 432.1897330995773 89.38250533100081 559.6648213133839 
360.831449547092 564.6510124349684 144.76631407002822 420.4276826044116 275.66136704804325 
44.96448718694793 366.97160892158917 489.2175864222368 41.96253026882151 128.25858393918105 
351.61001493642044 231.67034463427973 61.766639944877596 118.35498112536347 429.8762385676139 
98.36029246331199 498.35472785091764 170.54168878292472 407.34096259704137 379.8377490678876 
173.85755125717674 441.64837458219864 397.50710921292347 113.26559892675874 234.66601241526791 
433.51771927450227 133.72287272599175 561.7488632249242 43.24543036173898 125.96648859007756 
493.04553361424826 537.4507571648718 504.9472442231354 445.33014496247046 315.6497459564155 
389.5891873372797 188.41219435777072 164.68460117368426 353.37384055750033 428.4073594183247 
348.1584398185983 281.8391046995704 530.9982605096635 106.21223128079289 307.94852883228157 
71.19379673526507 253.8495150296217 226.5746471890301 213.5289355887137 355.55574245515567 
245.32372808263983 402.78478534691465 113.3358878111059 294.0072581191308 347.9231810453877 
336.6567231764519 75.76124757472519 531.9202377022852 471.39994826945633 438.77593588045585 
201.5722279589306 509.21018396042393 21.600172319308314 461.2833583233308 140.0786409453628 
72.92370472306808 293.602724588934 364.28983919446415 267.6414904393754 90.25344307686055 
62.74607970293531 587.0147024248613 237.11653877233593 508.0737060224026 557.1371717580525 
244.74221352909584 356.82681702407973 455.09111342494367 145.23581494169315 322.689634550767 
607.65757788304 332.703589956483 22.10872927473009 487.8806339910997 56.86758538741592 
590.6616239886994 327.94657073084534 490.1179008017684 177.21049507476005 433.6255944615454 
482.4380198907311 473.1485187152057 129.9600534804547 454.7127186480068 268.5944937863132 
67.11603493009773 420.4327587537522 142.12764088693137 149.61932498693733 483.3928911840358 
284.60193037891713 554.9701481492066 52.41511116348141 182.88695900604546 115.39683424049382 
414.3139475725689 201.32294954223107 38.9159142361897 587.2805472696837 405.6501572332121 
535.6874606501599 465.74337588924936 487.7004269579265 38.78931564937882 194.84117718265063 
133.8701555293697 214.00489232641092 361.31563728102157 504.1020727551967 43.17494009368097 
44.42023411611307 171.68723458409954 45.378141646248324 74.9975710474994 441.6812725457964 
