300.95849317335785 99.5039831992202 330.3015017984766 492.089901031291 184.9607959043221 
252.9595372758224 437.6489773651442 492.34389991623414 396.8966007396416 33.63411340516658 
354.7731186049286 179.13856739180105 485.36902325270506 424.3992891400515 205.57774478279072 
38.31916758740938 150.0481479069971 86.99622192462991 18.135274518475065 155.43048926914136 
422.259274863665 213.1637067913835 504.2891840921918 277.4315674664084 489.4005102462128 
250.55268959383963 15.31246875414898 47.048221459363205 508.892812667819 380.3802205236694 
81.82512019191533 349.2167412590215 382.36566284348066 248.7760431397105 71.17372457920428 
334.07169149624974 85.78145791660967 78.77503835084586 120.47641415218796 305.93111642280707 
276.20171164060724 414.9083572271195 128.53614635177078 292.73210376472724 20.89824772671882 
377.34669677431054 214.82558445612474 235.36994270245486 119.51250847688925 427.54872763499253 
178.74658726952907 361.39398645492383 114.96605797950137 272.36758768420316 117.36751846188103 
432.513331807412 213.82542061316937 158.56899064984552 484.841439004275 180.36539998332856 
461.8244421698893 434.7136588349811 501.7083374156622 370.00060198028416 145.24721375987914 
382.3574688846511 447.2845320465038 55.53621374879191 13.874637775992396 443.52230652173904 
493.3423442350754 217.43255120169357 46.1980448837782 96.39085155645037 362.283180287626 
95.84455925678746 102.60255015958919 256.1782928192091 218.00716954682264 159.50201293417064 
437.2236355739065 203.1342502009033 322.6823884662666 274.57137393025727 164.17997104254044 
164.62786247208683 117.6169706924131 262.9524597117911 398.88548813100704 303.2693292409385 
11.437054840584706 164.463084035815 420.1439682291889 488.0209141503605 283.7737917353143 
142.36472535607484 323.7292822161616 350.25057473943866 137.66248573628775 96.68241554943612 
263.1542342331982 251.68137880654618 58.85703604076708 174.77189424691863 498.33139617928384 
416.18972741299353 265.26283826544136 493.58730688460275 97.82874026083014 102.40567474966738 
154.6910849558783 13.102301769210724 265.42352699043875 319.0682644227202 284.1378749209735 
125.33799426341895 386.65734909866023 210.0892506118523 38.7909992600548 148.45061240751244 
16.095472103922084 361.27806777789294 273.96769104545785 40.3321691478583 150.9937259071511 
405.6813763950284 338.1863890674569 271.1771133245487 262.0759652216831 429.49020857186645 
10.57565731804382 419.4682785116599 177.12522281982612 305.46790320094493 10.823396302115976 
180.83504833486379 38.09174104473239 205.85183587442157 364.8694617755356 104.23699402990427 
177.4209571401715 171.68225614013267 34.544786020426145 494.92612265880206 384.3046241215704 
240.5111889069847 344.36024019174863 48.64072725168949 156.55804960865433 259.4445598369632 
